Distribusi age (standarisasi):
Min: -1.5291, Max: 1.5099
Bin | Frekuensi | Bar
----------------------------------------
[-1.53, -1.38] |    3249    | ********************
[-1.38, -1.23] |     0      | 
[-1.23, -1.07] |     0      | 
[-1.07, -0.92] |    675     | ********************
[-0.92, -0.77] |    2765    | ********************
[-0.77, -0.62] |     0      | 
[-0.62, -0.47] |     0      | 
[-0.47, -0.31] |    1247    | ********************
[-0.31, -0.16] |    1994    | ********************
[-0.16, -0.01] |     0      | 
[-0.01, 0.14] |     0      | 
[0.14, 0.29] |    1957    | ********************
[0.29, 0.45] |    1330    | ********************
[0.45, 0.60] |     0      | 
[0.60, 0.75] |     0      | 
[0.75, 0.90] |    2679    | ********************
[0.90, 1.05] |    717     | ********************
[1.05, 1.21] |     0      | 
[1.21, 1.36] |     0      | 
[1.36, 1.51] |    3387    | ********************
----------------------------------------
